* sixth order methods

SDIRK(9,6)[1]SAL-[(9,5)A]:  stiffly accurate, L-stable 6th order SDIRK scheme in 9 stages with stage order 1 and 9-stage 5th order A-stable embedding.

A = [ 0.21812778194490757 0 0 0 0 0 0 0 0
-0.090351485611941848 0.21812778194490757 0 0 0 0 0 0 0
0.17295203913893665 -0.35365501036282034 0.21812778194490757 0 0 0 0 0 0
0.51199987591919259 0.028964033220192475 -0.014403094565709366 0.21812778194490757 0 0 0 0 0
0.0046530349550678229 -0.075635818766596972 0.21727303078671218 -0.020651942872547228 0.21812778194490757 0 0 0 0
0.89614550176247163 0.13926732770049847 -0.18692097975280526 0.067297101237172345 -0.35089196344217562 0.21812778194490757 0 0 0
0.55295970188575138 -0.43936057979366211 0.3337040023250907 -0.033942652077841648 -0.15194744591259538 0.021382566102694274 0.21812778194490757 0 0
0.6313603740364756 0.7247336196414658 -0.43217062542525843 0.59861138218247658 -0.70908719703434498 -0.48398668569693411 0.37839156290513053 0.21812778194490757 0
0 -0.15504452530869029 0.19451847866078898 0.63515640279203007 0.81172278664172994 0.11073610869158506 -0.49530469241447892 -0.3199123410078724 0.21812778194490757 ]
b = [0 -0.15504452530869029 0.19451847866078898 0.63515640279203007 0.81172278664172994 0.11073610869158506 -0.49530469241447892 -0.3199123410078724 0.21812778194490757]
\hat{b} = [ 0, -0.0843265302438181, 0.16638321083879878, 0.7487345894340283, 0.6724718734013202, -0.16636532346665703, -0.34742397344843257, -0.12936732363289652, 0.13989347711778108]

 
ESDIRK(8,6)[2]SA-[(8,4)]: stiffly accurate 6th order ESDIRK scheme in 8 stages with stage order 2 and 8-stage 4th order embedding.

A = [0 0 0 0 0 0 0 0
0.3332221492177252 0.3332221492177252 0 0 0 0 0 0
0.063974377318221395 -0.083033022441021443 0.3332221492177252 0 0 0 0 0
-0.72852220136932637 -0.21041447952248479 0.53251991655934159 0.3332221492177252 0 0 0 0
-0.17513526927206671 0.66667558206755183 -0.30440090737086707 0.65679771244575631 0.3332221492177252 0 0 0
0.2226958027054618 -0.09489717946810612 -0.023433634668654523 -0.4538592501204196 0.02839103138269581 0.3332221492177252 0 0
-0.13253407805129936 0.70259793500487887 -0.43331645312807777 0.89371748854758691 0.057381454791405997 -0.20779841155240241 0.3332221492177252 0
0.080225312141808458 0.28119604467102198 0.40675892617215679 -0.019457085124159985 -0.41785600088525967 0.054534265887032209 0.28137638791967502 0.3332221492177252]
b = [0.080225312141808458 0.28119604467102198 0.40675892617215679 -0.019457085124159985 -0.41785600088525967 0.054534265887032209 0.28137638791967502 0.3332221492177252]
\hat{b} = [0, 0.29233106455401403, 0.40967610228368123, -0.002094718084982096, -0.28277152083597545, 0.11386233664490106, 0.18197357226069302, 0.2870231631776686];



* seventh order methods


SDIRK(11,7)[1]SAL-[(11,6)A]: stiffly accurate, L-stable 7th order SDIRK scheme in 11 stages with stage order 1 and 11-stage 6th order A-stable embedding.

A = [0.200252661187742 0 0 0 0 0 0 0 0 0 0
-0.082947368165267 0.200252661187742 0 0 0 0 0 0 0 0 0
0.483452690540751 0 0.200252661187742 0 0 0 0 0 0 0 0
0.771076453481321 -0.22936926341842 0.289733373208823 0.200252661187742 0 0 0 0 0 0 0
0.0329683054968892 -0.162397421903366 0.000951777538562805 0 0.200252661187742 0 0 0 0 0 0
0.265888743485945 0.606743151103931 0.173443800537369 -0.0433968261546912 -0.385211017224481 0.200252661187742 0 0 0 0 0
0.220662294551146 -0.0465078507657608 -0.0333111995282464 0.011801580836998 0.169480801030105 -0.0167974432139385 0.200252661187742 0 0 0 0
0.323099728365267 0.0288371831672575 -0.0543404318773196 0.0137765831431662 0.0516799019060702 -0.0421359763835713 0.181297932037826 0.200252661187742 0 0 0
-0.164226696476538 0.187552004946792 0.0628674420973025 -0.0108886582703428 -0.0117628641717889 0.0432176880867965 -0.0315206836275473 -0.0846007021638797 0.200252661187742 0 0
0.651428598623771 -0.10208078475356 0.198305701801888 -0.0117354096673789 -0.0440385966743686 -0.0358364455795087 -0.0075408087654097 0.160320941654639 0.017940248694499 0.200252661187742 0
0 -0.266259448580236 -0.615982357748271 0.561474126687165 0.266911112787025 0.219775952207137 0.387847665451514 0.612483137773236 0.330027015806089 -0.6965298655714 0.200252661187742]
b = [0 -0.266259448580236 -0.615982357748271 0.561474126687165 0.266911112787025 0.219775952207137 0.387847665451514 0.612483137773236 0.330027015806089 -0.6965298655714 0.200252661187742]
\hat{b} =  [0 -0.470337308787457 -0.602756786360474 0.331225785889557 0.359970826246375 0.169394313916274 0.324054015974808 0.682753080217987 0.465338958488068 -0.423069671353695 0.163426785768554]


ESDIRK(10,7)[2]SA-[(10,5)]: stiffly accurate 7th order ESDIRK scheme in 10 stages with stage order 2 and 10-stage 5th order embedding.

A = [0 0 0 0 0 0 0 0 0 0
0.21005579020341925 0.21005579020341925 0 0 0 0 0 0 0 0
0.25578173992108623 0.2398509169809763 0.21005579020341925 0 0 0 0 0 0 0
0.28678962488043687 0.23049474883477831 0.26392514988549062 0.21005579020341925 0 0 0 0 0 0
-0.021911812877433479 0.89768438034590723 -0.65795460549890702 0.12496230472263272 0.21005579020341925 0 0 0 0 0
-0.065614879584775994 -0.056563071185949708 0.025488110506531065 -0.0036898179065000586 -0.011517825844632921 0.21005579020341925 0 0 0 0
0.39986085123209835 0.91558846971870528 -0.075842909493441189 -0.26336915487275928 0.71968758356452562 -0.78741040701536899 0.21005579020341925 0 0 0
0.5169361610462803 1.0000054084697277 -0.048511066328920695 -0.31520804158194188 0.74974280645158679 -0.99097509092124826 0.015927958340730809 0.21005579020341925 0 0
-0.030306212907694458 -0.2970351746590337 0.1847246974621637 -0.035187607951618316 -0.0032466823069076086 0.21615100405353137 -0.12667625209831657 0.11404025436526195 0.21005579020341925 0
0.070599796158671387 -0.02815160619563742 0.31460047073463286 -0.09070575579633711 0.16807895395774239 -0.0065569498459057502 0.050538449780430252 -0.056957205872504245 0.36849805687548838 0.21005579020341925]
b= [0.070599796158671387 -0.02815160619563742 0.31460047073463286 -0.09070575579633711 0.16807895395774239 -0.0065569498459057502 0.050538449780430252 -0.056957205872504245 0.36849805687548838 0.21005579020341925]
\hat{b} =  [-0.015494246543626038, 0.16765796382009346, 0.2698589581442359, -0.04432589977551559, 0.150049236875266, 0.2594520827558459, 0.24462457350252145, -0.21552844692028414, 0.0487601760292619, 0.13494560211220094];


